,top_words,top_words_from_mean,top_words_from_diff,most_relev_op
0,longworth,longworth,longworth,93749
1,huff,huff,huff,93749
2,insur,insur,insur,93749
3,bayn,court,bayn,93749
4,citat,bayn,citat,93749
5,award,citat,mabri,93749
6,mabri,award,award,93749
7,786,mabri,786,93749
8,coblentz,786,coblentz,93749
9,stipcich,compani,stipcich,93749
10,1888,plaintiff,1888,93749
11,taylor,contract,taylor,93749
12,arbitr,coblentz,piercevcox,93749
13,piercevcox,railway,arbitr,93749
14,railway,stipcich,railway,93749
15,1000,1888,1000,93749
16,1889,arbitr,1889,93749
17,appelle,taylor,appelle,93749
18,plea,receiv,life,93749
19,plaintiff,appelle,embezzl,93749
20,texa,piercevcox,plea,93749
21,eastern,amount,receiv,93749
22,loss,1000,eastern,93749
23,embezzl,v,texa,93749
24,applic,1889,brent,93749
25,morri,plea,morri,93749
26,contract,texa,contract,93749
27,motion,life,amount,93749
28,hath,district,hath,93749
29,polici,defend,loss,93749
30,appel,eastern,plaintiff,93749
31,compani,co,compani,93749
32,life,loss,davidg,93749
33,louisiana,embezzl,sum,93749
34,court,appeal,neglig,93749
35,receiv,applic,morriss,93749
36,davidg,sum,applic,93749
37,controversi,brent,louisiana,93749
38,defend,morri,dismiss,93749
39,appeal,payment,payment,93749
40,co,circuit,polici,93749
41,morriss,dismiss,motion,93749
42,deduct,motion,controversi,93749
43,brent,appel,carneal,93749
44,sum,jurisdict,1920,93749
45,columbia,hath,januari,93749
46,1920,made,deduct,93749
47,fund,polici,vs,93749
48,v,neglig,1921,93749
49,carneal,caus,1858,93749
50,vs,louisiana,appel,93749
51,1921,ground,columbia,93749
52,pacif,controversi,1200,93749
53,firm,davidg,ground,93749
54,dismiss,properti,firm,93749
55,secur,case,26th,93749
56,district,money,saunder,93749
57,agent,januari,pacif,93749
58,payment,secur,circuit,93749
59,1858,said,district,93749
60,circuit,morriss,say,93749
61,1200,upon,money,93749
62,bond,parti,waiv,93749
63,allow,deduct,agent,93749
64,26th,paid,moreov,93749
65,octob,action,secur,93749
66,l,agent,fund,93749
67,amount,say,intervent,93749
68,properti,columbia,caus,93749
69,moreov,mr,co,93749
70,saunder,1920,partnership,93749
71,partnership,allow,contra,93749
72,januari,fund,baynevmorri,93749
73,caus,order,liabl,93749
74,intervent,object,olwin,93749
75,jurisdict,give,expir,93749
76,want,1,give,93749
77,taxpay,carneal,cure,93749
78,appear,vs,paid,93749
79,ground,law,solomonson,93749
80,liabl,1921,goods1,93749
81,lot,pacif,end2,93749
82,equiti,firm,allow,93749
83,order,appear,sustain,93749
84,baynevmorri,1858,object,93749
85,cure,state,octob,93749
86,valu,present,perform,93749
87,money,make,mussen,93749
88,1869,sustain,theft,93749
89,brown,perform,jurisdict,93749
90,olwin,equiti,appeal,93749
91,februari,1200,februari,93749
92,goods1,evid,1869,93749
93,end2,part,want,93749
94,solomonson,c,4856,93749
95,ed,liabl,amberg,93749
96,theft,bond,taxpay,93749
97,mussen,waiv,rinehart,93749
98,interven,26th,equiti,93749
99,action,octob,vesey,93749
100,perform,l,interven,93749
101,associ,moreov,cent,93749
102,parti,cent,wichita,93749
103,trust,one,prior,93749
104,prior,saunder,appear,93749
105,inform,februari,28th,93749
106,paid,partnership,brown,93749
107,expir,purchas,lot,93749
108,amberg,ct,2177135,93749
109,4856,trust,322865,93749
110,law,prior,covsaund,93749
111,decre,suit,worth,93749
112,rinehart,contra,puller,93749
113,suprem,time,defend,93749
114,28th,intervent,bosanquet,93749
115,worth,due,castern,93749
116,vesey,want,jursdict,93749
117,contra,brought,contributori,93749
118,voluntari,expir,eject,93749
119,neglig,writ,trust,93749
120,eject,taxpay,disclosur,93749
121,object,may,20th,93749
122,purchas,term,six,93749
123,disclosur,claim,voluntari,93749
124,credit,issu,wherefor,93749
125,accord,lot,underwrit,93749
126,orlean,valid,worthless,93749
127,record,record,acquir,93749
128,322865,opinion,plead,93749
129,2177135,baynevmorri,dalla,93749
130,contributori,year,oregon,93749
131,20th,cure,farish,93749
132,oregon,2,dutton,93749
133,waiv,valu,walli,93749
134,evid,busi,made,93749
135,covsaund,1869,inform,93749
136,puller,brown,deliveri,93749
137,underwrit,olwin,subpurchas,93749
138,said,error,brought,93749
139,asset,plead,discharg,93749
140,bosanquet,inform,76,93749
141,wherefor,end2,valid,93749
142,castern,goods1,parti,93749
143,jursdict,solomonson,hanna,93749
144,n,resid,associ,93749
145,busi,would,resid,93749
146,worthless,ed,present,93749
147,resid,theft,purchas,93749
148,year,discharg,orlean,93749
149,stock,answer,due,93749
150,ct,mussen,wall,93749
151,sustain,interven,cort,93749
152,issu,acquir,copartn,93749
153,dalla,must,chief,93749
154,give,given,make,93749
155,discharg,associ,heard,93749
156,refus,author,occas,93749
157,valid,six,1819,93749
158,demurr,accord,mutual,93749
159,wichita,amberg,repres,93749
160,mutual,4856,action,93749
161,c,repres,abey,93749
162,cent,u,instal,93749
163,76,decre,septemb,93749
164,dutton,chief,asset,93749
165,farish,3,credit,93749
166,walli,wall,accord,93749
167,due,rinehart,mcelroy,93749
168,john,suprem,farquhar,93749
169,six,4,wendel,93749
170,specif,28th,john,93749
171,hanna,question,answer,93749
172,subpurchas,wichita,sergeant,93749
173,juri,worth,fuller,93749
174,deed,could,raddin,93749
175,bar,vesey,decemb,93749
176,mr,voluntari,mclanahan,93749
177,say,eject,satisfactori,93749
178,occas,deliveri,better,93749
179,acquir,per,solicit,93749
180,u,counsel,1822,93749
181,sue,john,close,93749
182,accru,deliv,ulcer,93749
183,heard,stock,sue,93749
184,copartn,disclosur,pretenc,93749
185,1819,us,known,93749
186,upon,decemb,accru,93749
187,charg,credit,commun,93749
188,deliveri,circumst,part,93749
189,cort,juri,venir,93749
190,claim,orlean,fallen,93749
191,incom,2177135,mcbride,93749
192,error,322865,health,93749
193,suit,contributori,expenditur,93749
194,better,20th,fire,93749
195,wall,oregon,demurr,93749
196,health,heard,winslow,93749
197,commun,charg,parson,93749
198,fuller,rule,discov,93749
199,petit,refus,c,93749
200,abey,covsaund,premium,93749
201,case,puller,far,93749
202,solicit,76,prematur,93749
203,taxabl,underwrit,1,93749
204,septemb,asset,97,93749
205,circumst,led,7500,93749
206,overrul,fact,31,93749
207,given,bosanquet,remittitur,93749
208,ohio,septemb,mr,93749
209,file,liabil,misappropri,93749
210,washington,wherefor,given,93749
211,writ,pay,valu,93749
212,corpor,jursdict,submit,93749
213,31,castern,watt,93749
214,decemb,n,phoenix,93749
215,mcelroy,far,term,93749
216,1,worthless,taxabl,93749
217,plead,dalla,inexcus,93749
218,author,file,circumst,93749
219,wendel,occas,default,93749
220,sergeant,submit,restor,93749
221,1822,right,inop,93749
222,earn,second,properti,93749
223,fire,demurr,occurr,93749
224,sup,justic,1859,93749
225,farquhar,5,piedmont,93749
226,made,known,deliv,93749
227,price,concern,learn,93749
228,chief,commun,revenuevhuff,93749
229,repres,person,214a4—6,93749
230,restor,judgment,written,93749
231,cash,mutual,23d,93749
232,97,interest,busi,93749
233,art,first,cash,93749
234,pretenc,dutton,augment,93749
235,condit,31,order,93749
236,raddin,debt,1860,93749
237,mclanahan,farish,burnet,93749
238,venir,walli,bond,93749
239,right,taken,tex,93749
240,per,close,recoveri,93749
241,board,instal,214a7,93749
242,written,specif,orint,93749
243,ulcer,hanna,hepwil,93749
244,second,subpurchas,canning,93749
245,risk,gener,overrul,93749
246,parson,deed,arrear,93749
247,fallen,bar,dillon,93749
248,present,washington,90,93749
249,mcbride,sue,receivership,93749
250,less,accru,freed,93749
251,winslow,fire,pratt,93749
252,reserv,copartn,concern,93749
253,prematur,damag,refus,93749
254,state,1819,earn,93749
255,watt,month,582,93749
256,missouri,cort,writ,93749
257,discov,unit,month,93749
258,alleg,6,stipul,93749
259,remittitur,price,982,93749
260,phoenix,incom,divulg,93749
261,one,suggest,1863,93749
262,1859,although,essenc,93749
263,tax,trial,appellantvnichola,93749
264,brought,better,physician,93749
265,7500,improv,gross,93749
266,damag,health,2500,93749
267,concern,note,luca,93749
268,northern,direct,deschamp,93749
269,misappropri,fuller,year,93749
270,inop,premium,washington,93749
271,affect,consid,russel,93749
272,ascertain,recoveri,stolen,93749
273,judgment,petit,evid,93749
274,far,97,english,93749
275,counsel,abey,second,93749
276,1860,solicit,suggest,93749
277,unit,f,oust,93749
278,23d,taxabl,arlington,93749
279,subscrib,stipul,cca8th,93749
280,inexcus,written,record,93749
281,time,requir,improv,93749
282,suggest,condit,specif,93749
283,1863,overrul,failur,93749
284,knowledg,satisfactori,1829,93749
285,f,alleg,bar,93749
286,denial,ohio,prepar,93749
287,note,failur,risk,93749
288,recoveri,default,brashier,93749
289,piedmont,dollar,subscrib,93749
290,pray,entir,495,93749
291,manag,discov,art,93749
292,physician,expenditur,recurr,93749
293,burnet,corpor,liabil,93749
294,receivership,account,chamberlain,93749
295,interest,without,1823,93749
296,russel,mcelroy,1825,93749
297,revenuevhuff,either,submiss,93749
298,214a4—6,wendel,31st,93749
299,answer,19,maryland,93749
300,correct,sergeant,counsel,93749
301,19,profit,disclosure1,93749
302,augment,1822,stipcichvmetropolitan,93749
303,582,earn,postur,93749
304,submit,sup,consult,93749
305,dillon,farquhar,905,93749
306,four,9,came,93749
307,stipul,restor,acquiesc,93749
308,arrear,cash,inasmuch,93749
309,part,return,entir,93749
310,improv,affect,pierc,93749
311,instal,90,rescind,93749
312,sureti,art,sureti,93749
313,pratt,pretenc,1820,93749
314,essenc,respond,repay,93749
315,canning,raddin,onethird,93749
316,freed,matter,ewe,93749
317,gross,within,although,93749
318,stolen,mclanahan,canbi,93749
319,supplement,venir,435441,93749
320,societi,maryland,duoden,93749
321,214a7,determin,4,93749
322,2500,board,111,93749
323,26,sureti,knight,93749
324,luca,also,693,93749
325,grant,transact,profit,93749
326,orint,gross,141,93749
327,hepwil,ulcer,chose,93749
328,submiss,risk,per,93749
329,982,parson,uberrima,93749
330,make,good,hiltongreen,93749
331,advanc,two,jame,93749
332,495,came,dollar,93749
333,dollar,learn,supplement,93749
334,hundr,fallen,6426,93749
335,pay,therefor,6435,93749
336,compar,jame,clatsop,93749
337,divulg,whether,eckert,93749
338,two,new,northern,93749
339,inasmuch,mcbride,turner,93749
340,convey,less,societi,93749
341,oust,grant,warranti,93749
342,term,elect,discontinu,93749
343,rule,winslow,admeasur,93749
344,1829,chang,hurni,93749
345,exhaust,reserv,seton,93749
346,appellantvnichola,prematur,6425,93749
347,31st,prepar,disallow,93749
348,agre,watt,135,93749
349,liabil,refer,denial,93749
350,penal,shall,penal,93749
351,mill,missouri,exhaust,93749
352,arlington,r,237,93749
353,1823,remittitur,frame,93749
354,proceed,tex,593,93749
355,1825,point,sort,93749
356,deschamp,bill,157,93749
357,medic,phoenix,equit,93749
358,chose,connect,intermedi,93749
359,side,1859,895,93749
360,repay,correct,720,93749
361,pierc,tax,hearn,93749
362,237,held,hardman,93749
363,chang,7500,147,93749
364,905,favor,affect,93749
365,rescind,equit,turn,93749
366,account,e,19,93749
367,premium,proceed,cincinnati,93749
368,frame,set,blumer,93749
369,chamberlain,northern,moat,93749
370,satisfactori,misappropri,forgiv,93749
371,cca8th,import,conveyanc,93749
372,1820,inop,stock,93749
373,statut,ascertain,fidei,93749
374,would,occurr,becam,93749
375,commenc,statut,suit,93749
376,must,thing,wiener,93749
377,onethird,1860,coll,93749
378,warranti,english,ascertain,93749
379,turner,becam,proffer,93749
380,default,23d,fitzherbert,93749
381,revenu,provid,wanberg,93749
382,although,subscrib,traill,93749
383,135,inexcus,halsey,93749
384,wait,1863,undertook,93749
385,mortgage,recov,68,93749
386,157,show,besid,93749
387,without,knowledg,fiftyeight,93749
388,profit,26,boland,93749
389,postur,forth,cabl,93749
390,recurr,aris,mortgage,93749
391,brashier,limit,wherebi,93749
392,person,denial,slade,93749
393,english,prosecut,twentyf,93749
394,perfect,amend,manag,93749
395,discontinu,piedmont,defalc,93749
396,bill,sign,weiss,93749
397,east,pray,delafield,93749
398,trade,except,autumn,93749
399,sort,manag,medic,93749
400,147,turn,laps,93749
401,9,physician,cox,93749
402,opinion,put,storer,93749
403,occurr,agre,merriman,93749
404,disallow,assert,surrend,93749
405,ewe,burnet,pauli,93749
406,maryland,suppos,170,93749
407,693,receivership,boehm,93749
408,new,possess,millar,93749
409,demand,russel,perfect,93749
410,agenc,properli,sixtyfour,93749
411,month,basi,anton,93749
412,wherebi,214a4—6,gratz,93749
413,besid,revenuevhuff,1894,93749
414,cincinnati,materi,cranch,93749
415,tex,relief,correct,93749
416,stipcichvmetropolitan,augment,neptun,93749
417,disclosure1,find,1279,93749
418,point,582,pray,93749
419,2,dillon,f,93749
420,debt,demand,demur,93749
421,compel,come,suppos,93749
422,1894,four,late,93749
423,return,power,price,93749
424,power,arrear,chamber,93749
425,cox,sct,knowledg,93749
426,davi,111,transact,93749
427,regul,pratt,million,93749
428,deliv,essenc,issu,93749
429,refer,68,continent,93749
430,thing,act,astoria,93749
431,593,consider,unsophist,93749
432,within,canning,compar,93749
433,170,freed,644,93749
434,may,stolen,declin,93749
435,delay,remain,n,93749
436,gener,cours,tender,93749
437,thousand,supplement,griev,93749
438,demur,cost,connect,93749
439,prepar,societi,higginbotham,93749
440,could,214a7,vari,93749
441,intermedi,2500,allischalm,93749
442,canbi,luca,ohio,93749
443,led,orint,mill,93749
444,5,hepwil,hung,93749
445,duoden,thereof,thirtythre,93749
446,435441,submiss,631,93749
447,twentyf,date,undecid,93749
448,determin,982,mckenzi,93749
449,respond,equal,wait,93749
450,laps,done,nearli,93749
451,expenditur,advanc,earli,93749
452,direct,495,must,93749
453,among,wife,altogeth,93749
454,fals,occur,whitfield,93749
455,justic,acquiesc,injur,93749
456,5000,surrend,ailment,93749
457,chamber,hundr,forth,93749
458,traffic,141,less,93749
459,also,use,represent,93749
460,1890,sole,thing,93749
461,cabl,compar,2,93749
462,e,divulg,certainli,93749
463,aris,inasmuch,eldr,93749
464,nearli,convey,scottish,93749
465,4,oust,often,93749
466,advis,12,four,93749
467,uberrima,reason,repaid,93749
468,hiltongreen,consult,1066,93749
469,afterward,1829,phenix,93749
470,transact,among,mather,93749
471,jame,suffici,bta,93749
472,aforesaid,exhaust,541,93749
473,taken,appellantvnichola,proprieti,93749
474,er,31st,1111,93749
475,elect,think,whitley,93749
476,fact,penal,162,93749
477,come,injur,incom,93749
478,favor,mill,lie,93749
479,penalti,test,occur,93749
480,3,arlington,margin2,93749
481,million,1823,5000,93749
482,eckert,day,1915b,93749
483,895,tender,1890,93749
484,entir,lie,nichola,93749
485,clatsop,14,missouri,93749
486,6426,1825,subjectmatt,93749
487,6435,deschamp,time,93749
488,ry,medic,questionnair,93749
489,shall,chose,onefourth,93749
490,trial,side,advanc,93749
491,check,repay,aptli,93749
492,alter,pierc,empow,93749
493,licens,237,1067,93749
494,admeasur,effect,elsewher,93749
495,subjectmatt,905,236,93749
496,us,rescind,145,93749
497,put,declin,257,93749
498,seton,frame,sign,93749
499,assert,chamberlain,105,93749
500,ought,certainli,diagnosi,93749
501,hurni,cranch,pocket,93749
502,adjudg,cca8th,properli,93749
503,learn,1820,debt,93749
504,question,commenc,east,93749
505,proffer,open,127,93749
506,6425,payabl,either,93749
507,r,onethird,172,93749
508,rent,warranti,excus,93749
509,continent,respect,visit,93749
510,acquiesc,turner,151,93749
511,cogniz,revenu,wealth,93749
512,hearn,entitl,1057,93749
513,matter,7,taken,93749
514,therefor,135,3,93749
515,lien,wait,miami,93749
516,failur,mortgage,cogniz,93749
517,keep,result,burrow,93749
518,requir,157,stood,93749
519,thereto,postur,1814,93749
520,premis,su,alley,93749
521,162,recurr,1928,93749
522,236,brashier,advis,93749
523,seem,represent,perceiv,93749
524,257,measur,er,93749
525,lie,perfect,chang,93749
526,anyth,discontinu,joinder,93749
527,altogeth,east,comr,93749
528,sct,trade,250,93749
529,forgiv,sort,opinion,93749
530,90,147,firemen,93749
531,wiener,late,grossli,93749
532,test,disallow,sole,93749
533,doctrin,ewe,pay,93749
534,hardman,693,1202,93749
535,blumer,even,misstat,93749
536,equit,knight,traffic,93749
537,conveyanc,void,911,93749
538,surrend,agenc,issuanc,93749
539,moat,wherebi,fullest,93749
540,25,besid,reciproc,93749
541,145,sale,cain,93749
542,empow,often,marin,93749
543,suffici,assum,stage,93749
544,halsey,adopt,avow,93749
545,close,cincinnati,put,93749
546,defalc,25,hereund,93749
547,fidei,disclosure1,young,93749
548,assur,stipcichvmetropolitan,1782,93749
549,250,revers,davi,93749
550,turn,seem,499,93749
551,excus,free,elect,93749
552,henri,compel,25000,93749
553,coll,seek,inequit,93749
554,151,neither,chester,93749
555,23,testimoni,unimport,93749
556,elsewher,1894,225,93749
557,void,establish,southeastern,93749
558,127,cox,obviou,93749
559,breach,davi,banker,93749
560,644,regul,payabl,93749
561,known,principl,measur,93749
562,weiss,593,technic,93749
563,68,receipt,favor,93749
564,proprieti,170,snow,93749
565,came,relat,omiss,93749
566,wanberg,supra,alter,93749
567,fitzherbert,delay,test,93749
568,traill,105,supplementari,93749
569,slade,thousand,illustr,93749
570,fiftyeight,demur,670,93749
571,tender,end,ben,93749
572,often,death,peculiar,93749
573,141,intermedi,5,93749
574,day,absenc,reserv,93749
575,su,canbi,impliedli,93749
576,boland,23,cloud,93749
577,find,herebi,check,93749
578,measur,regard,788,93749
579,autumn,insist,voidabl,93749
580,172,435441,aetna,93749
581,wife,duoden,anyth,93749
582,631,twentyf,restitut,93749
583,storer,laps,wind,93749
584,attorney,proper,1061,93749
585,delafield,employ,fulton,93749
586,result,fals,1840,93749
587,cranch,5000,reargu,93749
588,sold,720,977,93749
589,1928,chamber,aris,93749
590,effect,earli,183,93749
591,marin,traffic,incompat,93749
592,relat,1890,come,93749
593,mortgag,cabl,vende,93749
594,gratz,al,advisori,93749
595,stood,nearli,983,93749
596,omiss,alreadi,235,93749
597,cours,undertook,gill,93749
598,relief,advis,deed,93749
599,merriman,hiltongreen,uncontradict,93749
600,provid,uberrima,hundr,93749
601,connect,august,meaningless,93749
602,technic,afterward,ame,93749
603,injur,mere,enough,93749
604,perceiv,exclus,assur,93749
605,sixtyfour,vari,grier,93749
606,claimant,decid,26,93749
607,disclos,save,274,93749
608,§,aforesaid,carrol,93749
609,institut,er,112,93749
610,instruct,request,fox,93749
611,pauli,june,867,93749
612,stage,provis,near,93749
613,boehm,penalti,chase,93749
614,basi,verdict,england,93749
615,england,third,relax,93749
616,millar,see,205,93749
617,anton,million,lach,93749
618,1279,eckert,1019,93749
619,invest,895,livingston,93749
620,sign,b,wife,93749
621,neptun,anoth,refrain,93749
622,6,pass,basi,93749
623,show,stat,save,93749
624,wit,6426,645,93749
625,supra,clatsop,124,93749
626,confer,6435,806,93749
627,juli,whatev,favour,93749
628,112,ry,suprem,93749
629,bta,check,keep,93749
630,visit,appli,penn,93749
631,consult,alter,132,93749
632,johnson,licens,840,93749
633,72,deem,afterward,93749
634,except,follow,insuffici,93749
635,cost,long,side,93749
636,late,admeasur,wish,93749
637,becam,enough,allud,93749
638,111,subjectmatt,136,93749
639,issuanc,8,gardner,93749
640,insuffici,oblig,outer,93749
641,aver,seton,could,93749
642,astoria,13,henri,93749
643,defeat,ought,absenc,93749
644,request,well,among,93749
645,consid,hurni,assert,93749
646,payabl,adjudg,concededli,93749
647,either,complet,mercantil,93749
648,accordingli,place,fals,93749
649,use,proffer,ry,93749
650,unsophist,6425,1824,93749
651,105,execut,defeat,93749
652,kind,commission,condit,93749
653,thirtythre,found,unauthor,93749
654,death,rent,6,93749
655,deem,continent,disburs,93749
656,hung,charact,doctor,93749
657,last,cogniz,insist,93749
658,higginbotham,hearn,charg,93749
659,excess,lien,538,93749
660,undecid,appoint,northwestern,93749
661,allischalm,keep,consid,93749
662,griev,thereto,neb,93749
663,altern,premis,receipt,93749
664,titl,162,demand,93749
665,forego,236,unquestion,93749
666,b,code,thousand,93749
667,materi,languag,delay,93749
668,complet,257,robertson,93749
669,14,anyth,757,93749
670,al,altogeth,forego,93749
671,repaid,pet,727,93749
672,good,might,return,93749
673,mckenzi,attach,admittedli,93749
674,forth,forgiv,thereto,93749
675,eldr,american,120,93749
676,settl,wiener,unabl,93749
677,sole,doctrin,await,93749
678,third,hardman,peril,93749
679,1066,blumer,variat,93749
680,possess,f2d,breach,93749
681,whitfield,conveyanc,herebi,93749
682,1111,doubt,elementari,93749
683,save,real,format,93749
684,unabl,moat,528,93749
685,7,145,commenc,93749
686,recov,empow,900,93749
687,499,halsey,account,93749
688,onefourth,defalc,pet,93749
689,ailment,et,9,93749
690,adjud,fidei,certainti,93749
691,verdict,assur,bare,93749
692,mather,250,alreadi,93749
693,nichola,excus,materi,93749
694,occur,henri,varieti,93749
695,herebi,541,altern,93749
696,scottish,coll,636,93749
697,might,151,import,93749
698,thompson,elsewher,misrepresent,93749
699,235,127,72,93749
700,remand,breach,seek,93749
701,12,644,compel,93749
702,reduc,obviou,516,93749
703,call,weiss,metropolitan,93749
704,183,discuss,ct,93749
705,phenix,statement,714,93749
706,remain,proprieti,indispens,93749
707,represent,wanberg,authorit,93749
708,whitley,traill,reimburs,93749
709,doubt,fitzherbert,rent,93749
710,274,slade,thompson,93749
711,held,fiftyeight,neither,93749
712,duli,enter,remain,93749
713,205,cover,500,93749
714,august,boland,637,93749
715,74,practic,doubtless,93749
716,1067,origin,told,93749
717,alley,autumn,613,93749
718,properli,bound,kan,93749
719,guilti,172,fidel,93749
720,pocket,631,676,93749
721,later,storer,494,93749
722,1915b,attorney,ought,93749
723,aptli,delafield,652,93749
724,injuri,sold,622,93749
725,comr,1928,watson,93749
726,questionnair,marin,pick,93749
727,done,mortgag,su,93749
728,exceed,gratz,adjudg,93749
729,miami,young,postpon,93749
730,48,stood,seller,93749
731,1057,preced,594,93749
732,commission,omiss,wi,93749
733,first,merriman,one,93749
734,margin2,technic,univers,93749
735,13,10,330,93749
736,wrong,perceiv,335,93749
737,thoma,sixtyfour,286,93749
738,75,claimant,disclos,93749
739,report,disclos,e,93749
740,132,§,450,93749
741,thereof,duti,free,93749
742,124,institut,493,93749
743,wealth,instruct,august,93749
744,appoint,pauli,obvious,93749
745,136,stage,endors,93749
746,equal,includ,445,93749
747,claus,govern,data,93749
748,1814,boehm,610,93749
749,restitut,england,471,93749
750,joinder,millar,pertain,93749
751,code,anton,unjust,93749
752,banker,30,1932,93749
753,44,1279,minn,93749
754,neither,invest,333,93749
755,reciproc,neptun,512,93749
756,500,wit,aforesaid,93749
757,univers,confer,74,93749
758,diagnosi,juli,md,93749
759,attach,near,456,93749
760,import,112,safeguard,93749
761,told,bta,carter,93749
762,govern,visit,lodg,93749
763,act,rais,open,93749
764,american,involv,grave,93749
765,25000,johnson,279,93749
766,f2d,72,542,93749
767,fall,name,whatev,93749
768,120,hold,526,93749
769,ca,sinc,modern,93749
770,et,issuanc,342,93749
771,enough,natur,improp,93749
772,move,insuffici,instant,93749
773,inquiri,45,moment,93749
774,suppos,aver,andrew,93749
775,open,11,405,93749
776,burrow,astoria,288,93749
777,origin,defeat,trade,93749
778,whether,225,estop,93749
779,911,accordingli,373,93749
780,vari,purpos,578,93749
781,wind,unsophist,1933,93749
782,pend,illustr,agre,93749
783,grossli,38,twelv,93749
784,principl,kind,203,93749
785,knight,thirtythre,fulfil,93749
786,certainli,portion,direct,93749
787,testimoni,counti,discuss,93749
788,firemen,hung,explicit,93749
789,final,last,johnson,93749
790,appropri,remov,hugh,93749
791,york,higginbotham,dispens,93749
792,ann,excess,imposs,93749
793,home,undecid,415,93749
794,prosecut,allischalm,289,93749
795,clear,griev,nine,93749
796,vende,altern,guid,93749
797,1840,promis,202,93749
798,plain,titl,unknown,93749
799,real,peculiar,reduc,93749
800,print,forego,promis,93749
801,see,repaid,whereof,93749
802,declar,mckenzi,544,93749
803,sent,eldr,front,93749
804,cloud,settl,built,93749
805,w,differ,453,93749
806,preced,citi,503,93749
807,fullest,1066,156,93749
808,allot,enforc,480,93749
809,lach,whitfield,strict,93749
810,inequit,1111,280,93749
811,anoth,ten,552,93749
812,670,unabl,pronounc,93749
813,cain,actual,73,93749
814,avow,499,preced,93749
815,appli,onefourth,inapplic,93749
816,disburs,ailment,touch,93749
817,amend,21,142,93749
818,press,adjud,vital,93749
819,free,mather,489,93749
820,supplementari,nichola,337,93749
821,proper,scottish,prosecut,93749
822,notic,thompson,deem,93749
823,assign,235,140,93749
824,favour,remand,relief,93749
825,misstat,reduc,283,93749
826,fail,call,240,93749
827,absenc,183,strictli,93749
828,1202,phenix,press,93749
829,chester,base,265,93749
830,advisori,whitley,assum,93749
831,carrol,274,end,93749
832,cover,wish,481,93749
833,entitl,render,foot,93749
834,fox,duli,readi,93749
835,unimport,205,unpaid,93749
836,788,74,robinson,93749
837,snow,1067,paul,93749
838,pass,alley,invest,93749
839,hereund,guilti,done,93749
840,bound,pocket,408,93749
841,sale,later,agenc,93749
842,date,1915b,5th,93749
843,discuss,aptli,progress,93749
844,certifi,injuri,degre,93749
845,observ,comr,suitabl,93749
846,720,questionnair,444,93749
847,complain,argument,long,93749
848,hold,exceed,unusu,93749
849,found,argu,tenant,93749
850,chase,control,damag,93749
851,1782,miami,424,93749
852,obvious,48,sent,93749
853,fulton,1057,elabor,93749
854,exclus,margin2,deleg,93749
855,seek,wrong,75,93749
856,line,17,402,93749
857,southeastern,thoma,346,93749
858,impliedli,75,seem,93749
859,imposs,whole,277,93749
860,prove,report,433,93749
861,1824,132,succeed,93749
862,45,extent,pertin,93749
863,reimburs,124,302,93749
864,ben,wealth,367,93749
865,view,136,supervis,93749
866,pet,claus,285,93749
867,number,unreason,ten,93749
868,voidabl,1814,reveal,93749
869,employ,restitut,413,93749
870,21,joinder,third,93749
871,treat,banker,1905,93749
872,individu,44,incident,93749
873,consider,73,conceal,93749
874,alreadi,reciproc,void,93749
875,aetna,500,318,93749
876,limit,univers,british,93749
877,38,decis,upheld,93749
878,645,full,analog,93749
879,maintain,diagnosi,313,93749
880,counti,told,allot,93749
881,name,25000,refund,93749
882,refund,fall,ambigu,93749
883,98,120,248,93749
884,obviou,ca,341,93749
885,end,move,fall,93749
886,fulli,inquiri,lawyer,93749
887,incompat,burrow,liquid,93749
888,unauthor,911,256,93749
889,revers,noth,293,93749
890,liquid,wind,dealt,93749
891,refrain,pend,190,93749
892,1061,reli,awar,93749
893,gill,grossli,week,93749
894,peril,p,familiar,93749
895,differ,firemen,311,93749
896,provis,degre,191,93749
897,reargu,though,174,93749
898,declin,final,honor,93749
899,ame,appropri,let,93749
900,seller,york,377,93749
901,1933,ann,224,93749
902,livingston,home,cours,93749
903,rais,clear,unreason,93749
904,dividend,vende,189,93749
905,undertook,1840,264,93749
906,follow,plain,bona,93749
907,983,print,260,93749
908,grier,79,harri,93749
909,creat,declar,38,93749
910,83,sent,167,93749
911,977,cloud,133,93749
912,offic,w,ca,93749
913,tenant,affirm,25,93749
914,1918,fullest,somewhat,93749
915,set,allot,304,93749
916,17,lach,began,93749
917,538,inequit,doctrin,93749
918,long,670,222,93749
919,june,cain,transmit,93749
920,unless,avow,excess,93749
921,penn,mean,plain,93749
922,1932,disburs,kind,93749
923,languag,press,channel,93749
924,10,supplementari,79,93749
925,71,notic,163,93749
926,g,assign,249,93749
927,uncontradict,favour,undoubtedli,93749
928,defens,misstat,380,93749
929,hand,fail,263,93749
930,gardner,1202,almost,93749
931,base,77,option,93749
932,neb,chester,207,93749
933,charact,advisori,comput,93749
934,petition,carrol,144,93749
935,latter,fox,despit,93749
936,took,unimport,312,93749
937,doctor,788,45,93749
938,hugh,snow,154,93749
939,mercantil,compli,fide,93749
940,867,hereund,23,93749
941,review,certifi,immateri,93749
942,citi,observ,98,93749
943,await,complain,fill,93749
944,1019,immedi,cover,93749
945,whatev,chase,american,93749
946,certainti,1782,relianc,93749
947,robertson,obvious,accordingli,93749
948,541,fulton,287,93749
949,northwestern,everi,think,93749
950,516,line,241,93749
951,endors,southeastern,239,93749
952,8,impliedli,samuel,93749
953,assum,know,forward,93749
954,relax,imposs,deliber,93749
955,statement,intent,48,93749
956,actual,prove,spirit,93749
957,meaningless,1824,print,93749
958,unquestion,reimburs,embodi,93749
959,outer,ben,home,93749
960,front,view,stori,93749
961,806,j,note,93749
962,stat,65,160,93749
963,control,number,q,93749
964,misrepresent,express,—,93749
965,comput,voidabl,adopt,93749
966,840,take,equal,93749
967,paul,treat,mechan,93749
968,establish,individu,numer,93749
969,reason,left,thereof,93749
970,528,aetna,recov,93749
971,argument,645,feb,93749
972,286,maintain,session,93749
973,lawyer,refund,kept,93749
974,postpon,98,refer,93749
975,execut,fulli,adjud,93749
976,indispens,incompat,premis,93749
977,450,exist,1918,93749
978,messr,unauthor,strong,93749
979,330,constitut,affair,93749
980,enforc,liquid,remark,93749
981,unjust,refrain,fairli,93749
982,deal,1061,bound,93749
983,335,gill,apart,93749
984,allud,peril,seven,93749
985,whole,51,44,93749
986,adopt,reargu,request,93749
987,kan,ame,point,93749
988,affirm,seller,77,93749
989,unpaid,1933,america,93749
990,445,livingston,later,93749
991,varieti,bank,discoveri,93749
992,harri,dividend,said,93749
993,494,983,l,93749
994,deleg,grier,institut,93749
995,watson,creat,dec,93749
996,net,83,add,93749
997,congress,977,relationship,93749
998,279,offic,tradit,93749
999,doubtless,tenant,150,93749
